758396
685631
868315
678432
960428
895465
928901
771912
663311
835163
939893
988311
211713
55190
943481
361547
197569
58763
112742
199421
692592
329202
915428
296236
849865
664821
854257
903752
638495
900649
990443
661228
520001
559414
480492
168181
872950
217180
517214
431738
193307
332042
274253
679412
567880
705701
878772
581964
354153
746675
421487
337802
62321
787476
481998
67142
224380
779570
565606
711276
441818
869904
850406
262186
979085
932323
530736
169896
757569
29521
22514
57104
669664
830316
580028
503958
858354
471658
618363
669000
95706
174518
129237
384908
200595
660305
642123
981038
552208
292556
14074
407353
837
952884
568408
877454
338587
17676
193386
798922
652751
867074
450039
936565
195670
661405
78847
403435
395036
226767
761312
220240
287145
228773
135058
350817
237917
34439
975850
68444
972862
646760
746469
257506
783783
46729
824357
713971
532811
957719
281185
45337
754812
779647
270137
970170
713509
427352
694614
305383
89267
256636
134133
25087
522886
527496
555197
880224
923622
693483
201702
462457
987856
890116
735637
681460
798142
365036
960286
771140
568461
382560
890853
525828
493730
438827
686506
758597
463329
477951
396052
861026
705897
886849
610157
323624
18234
893708
436512
152515
516556
875502
244166
144550
701854
757942
190185
533662
816304
854821
606570
713083
499454
989642
498103
531905
884336
295824
235884
928248
119791
612573
862928
739765
492123
484435
742863
604195
250380
529957
67275
884892
682893
88369
513490
394024
387085
619572
396881
700332
864781
143290
184667
857230
792406
517451
439827
466932
749076
561471
19972
148804
270669
233464
448421
165863
158853
739595
971119
660096
451729
935436
45548
823557
516345
576317
119496
276208
112897
145591
649161
601315
927284
230769
773250
57095
857215
861257
243285
997711
234906
54465
969094
427379
202476
860611
634692
775630
77224
452898
197437
135537
170913
349158
630862
241767
225438
296231
908845
429692
628428
241980
754148
454796
959845
924544
50803
666304
252110
963430
938873
859193
186859
172853
576519
176255
214608
672218
999636
876315
699074
37004
627665
907714
266302
695450
787015
79416
874939
568132
770794
290016
161456
213170
555714
829731
921995
265193
239846
348656
632291
848018
414196
692319
770070
799778
300338
701380
889375
45911
282058
692784
982811
83277
897941
885443
998510
600058
681308
119325
153573
370741
949703
998471
462685
67032
729985
435842
590968
748577
81228
815904
68780
222325
577154
859096
428537
78588
955812
929995
631208
655024
531402
749846
528641
442096
530036
484679
410041
789874
232155
65044
740988
50473
921252
746408
971558
440471
803938
627546
937462
746931
557892
218291
506480
140946
226607
72373
6906
99437
615143
276567
533566
397799
473329
212099
116788
487403
5391
475399
673507
465940
227837
97284
827631
709476
585668
542082
872562
653236
351524
134781
549848
117684
295657
288768
277813
738285
331071
69430
674862
461940
279004
316699
27066
207623
183403
359589
454566
825013
360737
872471
310599
293417
519288
922902
217800
854910
15690
880700
883720
587021
950646
318921
435017
101599
662319
34850
901813
980642
950523
398365
154158
684710
112654
83842
730464
329546
457739
966109
577642
607479
402628
124737
978256
886730
583270
384400
520657
381092
781091
479274
883859
434362
641996
283335
864293
358967
411360
574249
147099
726565
990358
989402
964462
36312
817299
11764
873617
547781
290776
983892
844015
956085
645194
932459
154741
399278
777298
529350
725667
900068
599992
946425
309280
367529
742197
756805
182509
304012
390788
226037
313217
441199
29007
356282
109012
221359
965144
95603
791813
506110
12438
57611
428744
60733
852836
852402
935031
179401
410127
243001
55650
83838
783478
252217
517692
942042
356687
753100
336222
941294
438476
857516
17508
418175
610335
361280
95072
48251
153030
694447
829065
262273
332474
701315
801244
898007
746217
337563
782600
865325
439770
941444
404990
221551
416008
780276
972522
645024
292338
61544
592339
982436
39901
760998
625684
12582
486496
202456
891252
627311
228694
454561
662689
92286
684283
289006
577115
288350
272345
982023
941971
375047
819023
640687
565607
974540
645991
867733
929493
895335
665748
228744
934797
531872
824712
757280
369050
224878
346664
547703
226845
270710
457677
780472
31640
166540
997707
702613
442410
781946
716019
978583
432363
176436
898099
118676
790252
517573
953018
904438
756840
894649
765440
872756
740223
241691
757817
369659
19910
371965
623560
351755
174804
695590
723777
735336
626464
162214
963811
116280
136925
938612
966039
160556
999599
397182
530112
107971
778207
111567
35864
387302
87927
609852
865549
873083
575270
642227
187353
268713
273042
604895
942327
305526
413794
432579
815756
814758
845802
173597
120276
319442
307231
643526
594205
239002
50071
359271
478338
628871
928864
119095
651858
345517
101501
812001
375933
231348
860678
614406
798321
510516
362611
64776
229815
370312
366123
122961
26601
970788
321464
833174
900142
782500
624698
819615
777232
425407
716782
434834
21465
253230
726414
948315
104066
293311
910042
104395
543678
731450
819418
542685
929242
325606
552788
14757
46663
354562
735840
887900
236005
438666
468545
819620
535692
882843
35683
991653
506222
189149
727657
701477
523980
609364
439971
324981
455004
573659
907215
400016
521297
1627
374616
750062
866621
749214
590252
661568
284965
810295
114406
74504
689353
397330
678498
395539
573627
958438
103571
500187
565241
107426
246999
129130
712169
943308
413207
820336
188123
601408
568311
998004
619488
433080
711615
305519
128344
339670
831758
238872
252753
327670
133591
427482
635087
194980
342553
892937
192174
171248
645726
555687
588172
859335
518045
402155
912709
146636
73797
947020
251612
557615
769997
554177
666146
637399
123480
213971
858937
700872
964634
696615
417823
997700
342431
451229
892483
94965
588459
61071
57153
569666
44473
11600
596421
973268
238994
656465
47492
488382
333453
847328
509777
153262
435639
426210
789874
880815
773053
119031
489052
711377
940955
767222
377270
414235
872806
727388
770018
76594
357644
252607
777096
416567
672685
731169
607965
599552
134667
20342
852148
591727
628836
69383
190592
467777
817189
861092
99235
354009
72771
822237
258420
673140
747351
69261
905970
988742
973005
546436
542899
898751
468120
347762
689448
744865
732213
859188
35506
354948
411633
387344
95245
152795
620839
428186
758085
437552
7853
583235
200781
369978
651106
269129
153145
966399
178507
952882
412317
482412
285814
960743
447092
244841
335372
355740
899012
283681
909057
257386
246326
123850
997747
981271
761969
354668
822434
535132
992950
991094
354667
832279
756024
510422
100274
201737
735470
499312
64454
885916
342352
563793
223450
79636
271022
57069
471447
653009
600626
447382
492717
179508
618522
25644
179858
672118
884390
753604
132748
279639
4981
665750
383329
779577
992674
63227
828222
887495
264006
962779
559762
544118
667903
291135
262598
933394
931411
142512
